30.000000 0.000000
29.998859 -0.060000
29.995440 -0.120000
29.989740 -0.179999
29.981762 -0.239997
29.971504 -0.299995
29.958969 -0.359991
29.944159 -0.419986
29.927071 -0.479980
29.907709 -0.539971
29.886076 -0.599960
29.862171 -0.659946
29.835997 -0.719930
29.807556 -0.779911
29.776852 -0.839889
29.743883 -0.899863
29.708656 -0.959833
29.671173 -1.019800
29.631435 -1.079762
29.589447 -1.139719
29.545212 -1.199671
29.498732 -1.259618
29.450012 -1.319560
29.399057 -1.379495
29.345871 -1.439425
29.290455 -1.499347
29.232817 -1.559263
29.172960 -1.619172
29.110889 -1.679073
29.046608 -1.738966
28.980124 -1.798851
28.911442 -1.858727
28.840565 -1.918594
28.767502 -1.978451
28.692257 -2.038298
28.614836 -2.098135
28.535246 -2.157961
28.453493 -2.217776
28.369583 -2.277579
28.283522 -2.337369
28.195318 -2.397147
28.104980 -2.456912
28.012512 -2.516664
27.917923 -2.576400
27.821218 -2.636122
27.722408 -2.695828
27.621500 -2.755519
27.518501 -2.815194
27.413422 -2.874851
27.306267 -2.934490
27.197048 -2.994110
27.085772 -3.053712
26.972446 -3.113295
26.857084 -3.172856
26.739693 -3.232397
26.620281 -3.291916
26.498859 -3.351412
26.375435 -3.410886
26.250021 -3.470335
26.122625 -3.529759
25.993258 -3.589157
25.861931 -3.648529
25.728653 -3.707875
25.593435 -3.767191
25.456289 -3.826479
25.317226 -3.885737
25.176254 -3.944964
25.033388 -4.004159
24.888638 -4.063322
24.742014 -4.122451
24.593529 -4.181545
24.443195 -4.240604
24.291025 -4.299625
24.137028 -4.358609
23.981218 -4.417555
23.823608 -4.476460
23.664209 -4.535324
23.503035 -4.594145
23.340099 -4.652924
23.175413 -4.711658
23.008989 -4.770345
22.840843 -4.828987
22.670988 -4.887578
22.499435 -4.946122
22.326199 -5.004614
22.151295 -5.063054
21.974735 -5.121440
21.796534 -5.179771
21.616705 -5.238046
21.435265 -5.296264
21.252224 -5.354421
21.067600 -5.412519
20.881409 -5.470553
20.693661 -5.528525
20.504374 -5.586432
20.313562 -5.644270
20.121241 -5.702042
19.927427 -5.759742
19.732132 -5.817371
19.535376 -5.874928
19.337170 -5.932408
19.137531 -5.989813
18.936478 -6.047138
18.734024 -6.104384
18.530188 -6.161547
18.324980 -6.218626
18.118422 -6.275620
17.910528 -6.332526
17.701315 -6.389343
17.490801 -6.446068
17.278999 -6.502700
17.065928 -6.559237
16.851606 -6.615676
16.636047 -6.672016
16.419271 -6.728254
16.201294 -6.784389
15.982132 -6.840418
15.761805 -6.896340
15.540326 -6.952152
15.317719 -7.007851
15.093995 -7.063437
14.869175 -7.118905
14.643277 -7.174255
14.416318 -7.229484
14.188316 -7.284589
13.959289 -7.339569
13.729256 -7.394420
13.498232 -7.449142
13.266238 -7.503730
13.033293 -7.558183
12.799413 -7.612499
12.564620 -7.666672
12.328927 -7.720705
12.092357 -7.774591
11.854926 -7.828330
11.616655 -7.881918
11.377563 -7.935352
11.137667 -7.988631
10.896984 -8.041752
10.655537 -8.094711
10.413342 -8.147507
10.170424 -8.200135
9.926793 -8.252594
9.682473 -8.304881
9.437483 -8.356994
9.191842 -8.408928
8.945572 -8.460680
8.698687 -8.512250
8.451209 -8.563633
8.203157 -8.614826
7.954553 -8.665827
7.705415 -8.716632
7.455760 -8.767239
7.205609 -8.817643
6.954983 -8.867845
6.703901 -8.917837
6.452384 -8.967619
6.200448 -9.017187
5.948115 -9.066538
5.695405 -9.115668
5.442337 -9.164576
5.188934 -9.213256
4.935210 -9.261706
4.681189 -9.309924
4.426888 -9.357905
4.172330 -9.405646
3.917535 -9.453144
3.662519 -9.500396
3.407305 -9.547398
3.151911 -9.594146
2.896359 -9.640638
2.640670 -9.686870
2.384860 -9.732839
2.128951 -9.778541
1.872962 -9.823972
1.616915 -9.869129
1.360830 -9.914009
1.104723 -9.958609
0.848617 -10.002923
0.592532 -10.046949
0.336487 -10.090685
0.080504 -10.134125
-0.175401 -10.177265
-0.431205 -10.220104
-0.686890 -10.262636
-0.942435 -10.304859
-1.197819 -10.346768
-1.453025 -10.388360
-1.708032 -10.429631
-1.962821 -10.470578
-2.217371 -10.511196
-2.471659 -10.551482
-2.725673 -10.591433
-2.979389 -10.631043
-3.232788 -10.670311
-3.485849 -10.709231
-3.738553 -10.747801
-3.990882 -10.786016
-4.242816 -10.823872
-4.494336 -10.861364
-4.745421 -10.898492
-4.996054 -10.935249
-5.246213 -10.971633
-5.495880 -11.007638
-5.745036 -11.043261
-5.993659 -11.078499
-6.241735 -11.113347
-6.489241 -11.147801
-6.736161 -11.181859
-6.982473 -11.215514
-7.228158 -11.248765
-7.473201 -11.281607
-7.717581 -11.314035
-7.961279 -11.346046
-8.204276 -11.377637
-8.446552 -11.408803
-8.688093 -11.439539
-8.928878 -11.469843
-9.168887 -11.499710
-9.408105 -11.529136
-9.646509 -11.558118
-9.884086 -11.586651
-10.120815 -11.614731
-10.356680 -11.642354
-10.591661 -11.669518
-10.825739 -11.696217
-11.058900 -11.722446
-11.291123 -11.748204
-11.522393 -11.773485
-11.752691 -11.798286
-11.981998 -11.822604
-12.210299 -11.846433
-12.437578 -11.869769
-12.663815 -11.892610
-12.888993 -11.914949
-13.113094 -11.936787
-13.336105 -11.958116
-13.558007 -11.978932
-13.778784 -11.999233
-13.998418 -12.019015
-14.216890 -12.038275
-14.434190 -12.057006
-14.650298 -12.075206
-14.865198 -12.092871
-15.078875 -12.109996
-15.291308 -12.126580
-15.502488 -12.142617
-15.712397 -12.158104
-15.921018 -12.173037
-16.128336 -12.187411
-16.334333 -12.201224
-16.539000 -12.214472
-16.742317 -12.227149
-16.944269 -12.239256
-17.144840 -12.250786
-17.344021 -12.261733
-17.541790 -12.272099
-17.738140 -12.281874
-17.933046 -12.291060
-18.126501 -12.299652
-18.318493 -12.307643
-18.509001 -12.315035
-18.698017 -12.321817
-18.885519 -12.327994
-19.071501 -12.333557
-19.255949 -12.338502
-19.438845 -12.342830
-19.620180 -12.346532
-19.799936 -12.349609
-19.978102 -12.352057
-20.154669 -12.353869
-20.329617 -12.355046
-20.502941 -12.355581
-20.674620 -12.355475
-20.844646 -12.354723
-21.013012 -12.353317
-21.179695 -12.351261
-21.344692 -12.348547
-21.507984 -12.345175
-21.669563 -12.341140
-21.829422 -12.336437
-21.987541 -12.331068
-22.143915 -12.325024
-22.298527 -12.318307
-22.451368 -12.310913
-22.602434 -12.302835
-22.751703 -12.294076
-22.899176 -12.284627
-23.044830 -12.274491
-23.188663 -12.263663
-23.330667 -12.252137
-23.470827 -12.239916
-23.609135 -12.226991
-23.745579 -12.213366
-23.880150 -12.199035
-24.012844 -12.183991
-24.143644 -12.168240
-24.272549 -12.151772
-24.399542 -12.134591
-24.524618 -12.116691
-24.647772 -12.098066
-24.768988 -12.078722
-24.888266 -12.058649
-25.005590 -12.037850
-25.120958 -12.016322
-25.234362 -11.994058
-25.345789 -11.971062
-25.455238 -11.947326
-25.562696 -11.922854
-25.668159 -11.897642
-25.771622 -11.871683
-25.873074 -11.844984
-25.972513 -11.817533
-26.069925 -11.789338
-26.165312 -11.760393
-26.258665 -11.730692
-26.349976 -11.700240
-26.439241 -11.669029
-26.526455 -11.637066
-26.611609 -11.604343
-26.694704 -11.570857
-26.775728 -11.536613
-26.854681 -11.501602
-26.931555 -11.465832
-27.006346 -11.429295
-27.079054 -11.391987
-27.149668 -11.353915
-27.218189 -11.315070
-27.284609 -11.275459
-27.348927 -11.235077
-27.411140 -11.193918
-27.471241 -11.151991
-27.529232 -11.109285
-27.585104 -11.065808
-27.638857 -11.021556
-27.690491 -10.976523
-27.739996 -10.930717
-27.787378 -10.884130
-27.832630 -10.836769
-27.875750 -10.788630
-27.916739 -10.739706
-27.955591 -10.690008
-27.992310 -10.639526
-28.026888 -10.588268
-28.059328 -10.536231
-28.089628 -10.483409
-28.117788 -10.429811
-28.143806 -10.375429
-28.167683 -10.320271
-28.189417 -10.264333
-28.209009 -10.207610
-28.226458 -10.150112
-28.241766 -10.091831
-28.254929 -10.032775
-28.265953 -9.972941
-28.274836 -9.912325
-28.281578 -9.850935
-28.286182 -9.788765
-28.288647 -9.725822
-28.288977 -9.662106
-28.287172 -9.597609
-28.283232 -9.532344
-28.277163 -9.466301
-28.268963 -9.399491
-28.258636 -9.331911
-28.246187 -9.263557
-28.231613 -9.194440
-28.214920 -9.124551
-28.196110 -9.053902
-28.175188 -8.982488
-28.152155 -8.910307
-28.127014 -8.837370
-28.099770 -8.763668
-28.070425 -8.689215
-28.038986 -8.614004
-28.005455 -8.538035
-27.969835 -8.461319
-27.932133 -8.383847
-27.892351 -8.305633
-27.850494 -8.226671
-27.806570 -8.146962
-27.760580 -8.066515
-27.712532 -7.985325
-27.662428 -7.903402
-27.610277 -7.820745
-27.556084 -7.737350
-27.499853 -7.653232
-27.441591 -7.568382
-27.381304 -7.482812
-27.319000 -7.396522
-27.254683 -7.309507
-27.188358 -7.221783
-27.120037 -7.133341
-27.049723 -7.044195
-26.977425 -6.954343
-26.903147 -6.863783
-26.826900 -6.772528
-26.748690 -6.680573
-26.668526 -6.587929
-26.586412 -6.494596
-26.502359 -6.400572
-26.416374 -6.305868
-26.328465 -6.210485
-26.238642 -6.114428
-26.146910 -6.017695
-26.053282 -5.920300
-25.957766 -5.822243
-25.860369 -5.723526
-25.761101 -5.624156
-25.659971 -5.524130
-25.556990 -5.423462
-25.452166 -5.322154
-25.345509 -5.220207
-25.237028 -5.117628
-25.126734 -5.014416
-25.014637 -4.910586
-24.900747 -4.806136
-24.785076 -4.701072
-24.667631 -4.595399
-24.548426 -4.489118
-24.427467 -4.382241
-24.304771 -4.274770
-24.180346 -4.166710
-24.054203 -4.058066
-23.926352 -3.948839
-23.796806 -3.839043
-23.665579 -3.728680
-23.532679 -3.617754
-23.398117 -3.506270
-23.261908 -3.394232
-23.124062 -3.281651
-22.984591 -3.168532
-22.843510 -3.054878
-22.700827 -2.940696
-22.556557 -2.825987
-22.410713 -2.710766
-22.263308 -2.595036
-22.114353 -2.478801
-21.963861 -2.362069
-21.811846 -2.244840
-21.658323 -2.127131
-21.503302 -2.008943
-21.346796 -1.890283
-21.188822 -1.771158
-21.029390 -1.651568
-20.868515 -1.531531
-20.706213 -1.411048
-20.542496 -1.290126
-20.377377 -1.168772
-20.210869 -1.046989
-20.042990 -0.924791
-19.873751 -0.802183
-19.703169 -0.679171
-19.531258 -0.555761
-19.358027 -0.431958
-19.183500 -0.307777
-19.007685 -0.183221
-18.830601 -0.058297
-18.652258 0.066987
-18.472673 0.192627
-18.291864 0.318609
-18.109844 0.444928
-17.926628 0.571576
-17.742231 0.698546
-17.556667 0.825835
-17.369955 0.953426
-17.182110 1.081314
-16.993147 1.209494
-16.803080 1.337955
-16.611923 1.466695
-16.419697 1.595697
-16.226418 1.724956
-16.032097 1.854466
-15.836753 1.984216
-15.640400 2.114203
-15.443058 2.244412
-15.244741 2.374836
-15.045466 2.505468
-14.845249 2.636299
-14.644103 2.767324
-14.442050 2.898527
-14.239105 3.029903
-14.035284 3.161444
-13.830603 3.293140
-13.625075 3.424987
-13.418725 3.556967
-13.211565 3.689077
-13.003613 3.821307
-12.794885 3.953648
-12.585395 4.086094
-12.375166 4.218630
-12.164212 4.351249
-11.952551 4.483943
-11.740198 4.616702
-11.527169 4.749520
-11.313486 4.882382
-11.099165 5.015282
-10.884220 5.148209
-10.668672 5.281155
-10.452532 5.414114
-10.235825 5.547068
-10.018561 5.680017
-9.800770 5.812939
-9.582453 5.945839
-9.363642 6.078694
-9.144340 6.211507
-8.924572 6.344263
-8.704364 6.476944
-8.483716 6.609555
-8.262663 6.742072
-8.041205 6.874498
-7.819370 7.006818
-7.597181 7.139015
-7.374641 7.271092
-7.151783 7.403027
-6.928607 7.534821
-6.705142 7.666459
-6.481411 7.797925
-6.257416 7.929221
-6.033192 8.060325
-5.808738 8.191238
-5.584081 8.321945
-5.359247 8.452431
-5.134237 8.582695
-4.909084 8.712718
-4.683791 8.842499
-4.458381 8.972023
-4.232882 9.101276
-4.007295 9.230257
-3.781653 9.358946
-3.555957 9.487341
-3.330233 9.615430
-3.104507 9.743196
-2.878780 9.870638
-2.653085 9.997738
-2.427423 10.124494
-2.201820 10.250890
-1.976302 10.376914
-1.750869 10.502563
-1.525556 10.627817
-1.300362 10.752677
-1.075313 10.877126
-0.850435 11.001151
-0.625728 11.124750
-0.401227 11.247904
-0.176930 11.370610
0.047135 11.492855
0.270944 11.614626
0.494497 11.735917
0.717760 11.856713
0.940733 11.977011
1.163390 12.096795
1.385707 12.216054
1.607684 12.334783
1.829286 12.452966
2.050514 12.570598
2.271345 12.687666
2.491750 12.804158
2.711734 12.920069
2.931260 13.035382
3.150330 13.150094
3.368920 13.264192
3.587003 13.377663
3.804582 13.490501
4.021623 13.602694
4.238127 13.714232
4.454071 13.825107
4.669426 13.935305
4.884199 14.044819
5.098352 14.153638
5.311891 14.261753
5.524789 14.369154
5.737021 14.475829
5.948591 14.581771
6.159465 14.686968
6.369646 14.791411
6.579109 14.895092
6.787829 14.997997
6.995811 15.100121
7.203021 15.201450
7.409461 15.301979
7.615109 15.401694
7.819940 15.500588
8.023957 15.598651
8.227128 15.695872
8.429456 15.792245
8.630918 15.887756
8.831490 15.982400
9.031176 16.076164
9.229943 16.169041
9.427797 16.261021
9.624714 16.352095
9.820670 16.442255
10.015671 16.531488
10.209682 16.619789
10.402711 16.707148
10.594734 16.793552
10.785728 16.879000
10.975698 16.963476
11.164614 17.046974
11.352479 17.129484
11.539272 17.211000
11.724971 17.291512
11.909581 17.371010
12.093070 17.449486
12.275446 17.526932
12.456686 17.603340
12.636767 17.678701
12.815699 17.753006
12.993447 17.826248
13.170020 17.898418
13.345396 17.969507
13.519554 18.039509
13.692500 18.108416
13.864205 18.176218
14.034677 18.242907
14.203893 18.308475
14.371833 18.372919
14.538505 18.436226
14.703878 18.498390
14.867962 18.559404
15.030735 18.619259
15.192179 18.677950
15.352299 18.735466
15.511068 18.791805
15.668494 18.846956
15.824558 18.900911
15.979239 18.953667
16.132547 19.005213
16.284454 19.055546
16.434967 19.104652
16.584068 19.152533
16.731739 19.199179
16.877989 19.244579
17.022789 19.288736
17.166151 19.331635
17.308054 19.373270
17.448481 19.413643
17.587440 19.452738
17.724909 19.490557
17.860893 19.527086
17.995377 19.562323
18.128342 19.596268
18.259800 19.628904
18.389725 19.660234
18.518124 19.690248
18.644985 19.718941
18.770288 19.746313
18.894045 19.772350
19.016232 19.797054
19.136858 19.820414
19.255905 19.842428
19.373363 19.863096
19.489239 19.882402
19.603510 19.900354
19.716187 19.916935
19.827253 19.932146
19.936699 19.945988
20.044529 19.958447
20.150724 19.969528
20.255295 19.979218
20.358227 19.987516
20.459507 19.994425
20.559147 19.999929
20.657124 20.004038
20.753448 20.006733
20.848108 20.008020
20.941092 20.007900
21.032410 20.006357
21.122042 20.003399
21.209999 19.999014
21.296270 19.993204
21.380842 19.985970
21.463728 19.977299
21.544907 19.967199
21.624392 19.955656
21.702169 19.942675
21.778233 19.928257
21.852591 19.912390
21.925228 19.895084
21.996153 19.876322
22.065357 19.856112
22.132830 19.834454
22.198586 19.811337
22.262606 19.786772
22.324902 19.760742
22.385464 19.733255
22.444286 19.704315
22.501379 19.673910
22.556728 19.642048
22.610344 19.608717
22.662218 19.573923
22.712343 19.537672
22.760733 19.499949
22.807371 19.460768
22.852272 19.420115
22.895428 19.377996
22.936831 19.334419
22.976494 19.289370
23.014402 19.242861
23.050571 19.194880
23.084995 19.145433
23.117664 19.094528
23.148594 19.042154
23.177773 18.988323
23.205212 18.933022
23.230906 18.876259
23.254850 18.818045
23.277058 18.758362
23.297520 18.697229
23.316246 18.634632
23.333233 18.570580
23.348478 18.505081
23.361994 18.438124
23.373770 18.369724
23.383820 18.299870
23.392139 18.228569
23.398727 18.155832
23.403595 18.081646
23.406734 18.006031
23.408159 17.928970
23.407867 17.850477
23.405855 17.770563
23.402138 17.689211
23.396708 17.606443
23.389576 17.522247
23.380743 17.436632
23.370209 17.349613
23.357985 17.261173
23.344065 17.171335
23.328465 17.080086
23.311180 16.987436
23.292213 16.893400
23.271578 16.797964
23.249268 16.701149
23.225296 16.602945
23.199665 16.503361
23.172375 16.402414
23.143436 16.300089
23.112850 16.196409
23.080627 16.091364
23.046768 15.984962
23.011278 15.877223
22.974165 15.768131
22.935431 15.657712
22.895088 15.545951
22.853136 15.432864
22.809582 15.318467
22.764437 15.202745
22.717699 15.085726
22.669382 14.967395
22.619490 14.847768
22.568026 14.726861
22.515001 14.604662
22.460421 14.481196
22.404291 14.356453
22.346621 14.230446
22.287415 14.103193
22.226683 13.974684
22.164429 13.844942
22.100664 13.713957
22.035395 13.581746
21.968626 13.448326
21.900370 13.313685
21.830631 13.177852
21.759418 13.040812
21.686743 12.902586
21.612606 12.763190
21.537024 12.622615
21.459997 12.480886
21.381540 12.337994
21.301661 12.193955
21.220364 12.048790
21.137663 11.902488
21.053562 11.755075
20.968075 11.606544
20.881208 11.456912
20.792971 11.306197
20.703373 11.154390
20.612423 11.001520
20.520130 10.847577
20.426506 10.692580
20.331556 10.536550
20.235296 10.379475
20.137730 10.221385
20.038872 10.062272
19.938728 9.902154
19.837311 9.741053
19.734631 9.578959
19.630695 9.415900
19.525518 9.251870
19.419107 9.086889
19.311474 8.920976
19.202627 8.754123
19.092581 8.586360
18.981340 8.417680
18.868921 8.248102
18.755335 8.077648
18.640587 7.906311
18.524693 7.734119
18.407667 7.561077
18.289509 7.387184
18.170237 7.212472
18.049862 7.036934
17.928394 6.860591
17.805845 6.683465
17.682228 6.505548
17.557552 6.326872
17.431829 6.147431
17.305071 5.967245
17.177292 5.786336
17.048498 5.604698
16.918709 5.422363
16.787926 5.239324
16.656168 5.055604
16.523449 4.871223
16.389774 4.686178
16.255161 4.500498
16.119617 4.314179
15.983158 4.127243
15.845796 3.939712
15.707540 3.751581
15.568406 3.562881
15.428402 3.373609
15.287543 3.183785
15.145844 2.993433
15.003312 2.802549
14.859964 2.611163
14.715808 2.419272
14.570859 2.226899
14.425133 2.034065
14.278635 1.840768
14.131386 1.647038
13.983390 1.452873
13.834664 1.258294
13.685225 1.063326
13.535078 0.867964
13.384242 0.672241
13.232724 0.476152
13.080540 0.279722
12.927706 0.082973
12.774228 -0.114097
12.620126 -0.311458
12.465405 -0.509111
12.310083 -0.707033
12.154177 -0.905201
11.997690 -1.103618
11.840646 -1.302251
11.683046 -1.501104
11.524910 -1.700152
11.366255 -1.899373
11.207084 -2.098768
11.047421 -2.298305
10.887268 -2.497987
10.726643 -2.697789
10.565565 -2.897689
10.404037 -3.097688
10.242082 -3.297755
10.079701 -3.497890
9.916915 -3.698071
9.753741 -3.898274
9.590182 -4.098499
9.426262 -4.298717
9.261983 -4.498926
9.097363 -4.699105
8.932421 -4.899229
8.767159 -5.099299
8.601601 -5.299284
8.435749 -5.499185
8.269623 -5.698977
8.103239 -5.898639
7.936601 -6.098169
7.769733 -6.297538
7.602635 -6.496744
7.435328 -6.695765
7.267830 -6.894577
7.100142 -7.093180
6.932289 -7.291544
6.764271 -7.489668
6.596108 -7.687529
6.427820 -7.885104
6.259405 -8.082393
6.090891 -8.279364
5.922276 -8.476017
5.753581 -8.672330
5.584824 -8.868279
5.416005 -9.063863
5.247150 -9.259052
5.078259 -9.453846
4.909351 -9.648221
4.740445 -9.842155
4.571540 -10.035646
4.402664 -10.228666
4.233813 -10.421212
4.065009 -10.613261
3.896270 -10.804793
3.727594 -10.995804
3.559009 -11.186267
3.390512 -11.376177
3.222124 -11.565515
3.053863 -11.754257
2.885727 -11.942402
2.717744 -12.129921
2.549910 -12.316812
2.382245 -12.503053
2.214769 -12.688622
2.047478 -12.873518
1.880401 -13.057713
1.713533 -13.241201
1.546894 -13.423965
1.380505 -13.605981
1.214360 -13.787248
1.048487 -13.967737
0.882883 -14.147447
0.717567 -14.326355
0.552559 -14.504442
0.387854 -14.681704
0.223479 -14.858115
0.059431 -15.033670
-0.104272 -15.208351
-0.267610 -15.382138
-0.430589 -15.555025
-0.593179 -15.726988
-0.755388 -15.898023
-0.917195 -16.068110
-1.078580 -16.237228
-1.239551 -16.405376
-1.400079 -16.572529
-1.560170 -16.738680
-1.719805 -16.903812
-1.878965 -17.067907
-2.037655 -17.230957
-2.195849 -17.392942
-2.353553 -17.553856
-2.510748 -17.713680
-2.667415 -17.872396
-2.823561 -18.030001
-2.979158 -18.186470
-3.134214 -18.341797
-3.288709 -18.495968
-3.442626 -18.648964
-3.595971 -18.800777
-3.748717 -18.951391
-3.900872 -19.100798
-4.052417 -19.248978
-4.203334 -19.395918
-4.353631 -19.541611
-4.503281 -19.686037
-4.652292 -19.829189
-4.800645 -19.971052
-4.948323 -20.111612
-5.095335 -20.250860
-5.241652 -20.388779
-5.387285 -20.525360
-5.532215 -20.660591
-5.676424 -20.794455
-5.819922 -20.926945
-5.962681 -21.058044
-6.104712 -21.187748
-6.245996 -21.316038
-6.386517 -21.442904
-6.526283 -21.568335
-6.665268 -21.692318
-6.803483 -21.814846
-6.940910 -21.935902
-7.077532 -22.055477
-7.213360 -22.173561
-7.348366 -22.290140
-7.482562 -22.405207
-7.615931 -22.518749
-7.748455 -22.630754
-7.880147 -22.741215
-8.010979 -22.850117
-8.140964 -22.957453
-8.270083 -23.063210
-8.398323 -23.167379
-8.525693 -23.269953
-8.652168 -23.370916
-8.777760 -23.470263
-8.902452 -23.567984
-9.026229 -23.664064
-9.149103 -23.758501
-9.271049 -23.851280
-9.392077 -23.942394
-9.512175 -24.031836
-9.631324 -24.119593
-9.749538 -24.205656
-9.866794 -24.290020
-9.983101 -24.372675
-10.098447 -24.453609
-10.212814 -24.532818
-10.326219 -24.610292
-10.438633 -24.686024
-10.550073 -24.760004
-10.660522 -24.832224
-10.769966 -24.902679
-10.878419 -24.971357
-10.985856 -25.038256
-11.092293 -25.103365
-11.197713 -25.166676
-11.302103 -25.228186
-11.405478 -25.287882
-11.507821 -25.345762
-11.609131 -25.401819
-11.709382 -25.456047
-11.808610 -25.508434
-11.906789 -25.558979
-12.003917 -25.607674
-12.099988 -25.654514
-12.194982 -25.699495
-12.288929 -25.742607
-12.381810 -25.783846
-12.473619 -25.823206
-12.564354 -25.860683
-12.653992 -25.896276
-12.742566 -25.929970
-12.830056 -25.961767
-12.916457 -25.991659
-13.001768 -26.019646
-13.085965 -26.045723
-13.169085 -26.069880
-13.251103 -26.092117
-13.332020 -26.112429
-13.411831 -26.130812
-13.490516 -26.147268
-13.568109 -26.161785
-13.644588 -26.174360
-13.719954 -26.184996
-13.794203 -26.193684
-13.867314 -26.200432
-13.939322 -26.205221
-14.010208 -26.208057
-14.079969 -26.208939
-14.148603 -26.207859
-14.216093 -26.204828
-14.282471 -26.199827
-14.347717 -26.192860
-14.411833 -26.183928
-14.474814 -26.173029
-14.536645 -26.160168
-14.597357 -26.145329
-14.656933 -26.128517
-14.715372 -26.109734
-14.772673 -26.088978
-14.828819 -26.066256
-14.883842 -26.041552
-14.937727 -26.014874
-14.990472 -25.986219
-15.042077 -25.955591
-15.092525 -25.922997
-15.141850 -25.888420
-15.190033 -25.851870
-15.237077 -25.813347
-15.282981 -25.772850
-15.327728 -25.730392
-15.371353 -25.685955
-15.413839 -25.639549
-15.455186 -25.591177
-15.495396 -25.540836
-15.534452 -25.488544
-15.572389 -25.434278
-15.609190 -25.378052
-15.644856 -25.319868
-15.679389 -25.259729
-15.712775 -25.197649
-15.745045 -25.133606
-15.776185 -25.067616
-15.806197 -24.999681
-15.835083 -24.929806
-15.862828 -24.858006
-15.889464 -24.784258
-15.914980 -24.708580
-15.939374 -24.630974
-15.962651 -24.551445
-15.984797 -24.470013
-16.005844 -24.386650
-16.025778 -24.301378
-16.044603 -24.214203
-16.062321 -24.125124
-16.078920 -24.034164
-16.094431 -23.941299
-16.108841 -23.846550
-16.122152 -23.749922
-16.134371 -23.651417
-16.145483 -23.551058
-16.155519 -23.448822
-16.164471 -23.344728
-16.172338 -23.238785
-16.179127 -23.130995
-16.184824 -23.021383
-16.189461 -22.909925
-16.193026 -22.796642
-16.195526 -22.681541
-16.196960 -22.564631
-16.197323 -22.445930
-16.196642 -22.325420
-16.194908 -22.203121
-16.192123 -22.079041
-16.188293 -21.953188
-16.183413 -21.825584
-16.177504 -21.696209
-16.170561 -21.565084
-16.162588 -21.432220
-16.153589 -21.297625
-16.143560 -21.161324
-16.132523 -21.023291
-16.120474 -20.883553
-16.107416 -20.742119
-16.093353 -20.598999
-16.078281 -20.454218
-16.062225 -20.307753
-16.045177 -20.159630
-16.027143 -20.009859
-16.008129 -19.858452
-15.988130 -19.705431
-15.967168 -19.550777
-15.945240 -19.394518
-15.922350 -19.236660
-15.898503 -19.077217
-15.873696 -18.916216
-15.847952 -18.753633
-15.821266 -18.589500
-15.793644 -18.423824
-15.765092 -18.256617
-15.735606 -18.087910
-15.705209 -17.917679
-15.673897 -17.745951
-15.641675 -17.572741
-15.608550 -17.398060
-15.574520 -17.221935
-15.539605 -17.044348
-15.503803 -16.865326
-15.467121 -16.684883
-15.429564 -16.503031
-15.391129 -16.319799
-15.351839 -16.135168
-15.311691 -15.949164
-15.270691 -15.761805
-15.228846 -15.573101
-15.186154 -15.383085
-15.142636 -15.191734
-15.098290 -14.999080
-15.053123 -14.805137
-15.007140 -14.609917
-14.960343 -14.413454
-14.912749 -14.215726
-14.864358 -14.016764
-14.815177 -13.816584
-14.765213 -13.615198
-14.714467 -13.412642
-14.662954 -13.208891
-14.610677 -13.003980
-14.557642 -12.797923
-14.503855 -12.590735
-14.449320 -12.382451
-14.394050 -12.173047
-14.338049 -11.962559
-14.281322 -11.750999
-14.223877 -11.538387
-14.165717 -11.324754
-14.106855 -11.110080
-14.047296 -10.894398
-13.987044 -10.677725
-13.926108 -10.460075
-13.864491 -10.241487
-13.802207 -10.021935
-13.739258 -9.801456
-13.675651 -9.580068
-13.611394 -9.357784
-13.546492 -9.134642
-13.480954 -8.910620
-13.414787 -8.685752
-13.347998 -8.460057
-13.280592 -8.233551
-13.212578 -8.006270
-13.143962 -7.778193
-13.074751 -7.549356
-13.004953 -7.319776
-12.934574 -7.089469
-12.863623 -6.858474
-12.792104 -6.626768
-12.720026 -6.394388
-12.647396 -6.161353
-12.574221 -5.927678
-12.500507 -5.693401
-12.426264 -5.458502
-12.351496 -5.223017
-12.276211 -4.986964
-12.200417 -4.750361
-12.124122 -4.513246
-12.047330 -4.275597
-11.970050 -4.037451
-11.892289 -3.798828
-11.814054 -3.559745
-11.735355 -3.320239
-11.656196 -3.080290
-11.576583 -2.839936
-11.496525 -2.599196
-11.416029 -2.358087
-11.335106 -2.116647
-11.253756 -1.874856
-11.171988 -1.632752
-11.089812 -1.390354
-11.007235 -1.147679
-10.924265 -0.904766
-10.840904 -0.661596
-10.757162 -0.418205
-10.673047 -0.174613
-10.588565 0.069161
-10.503728 0.313081
-10.418534 0.557164
-10.332995 0.801373
-10.247118 1.045689
-10.160910 1.290094
-10.074383 1.534551
-9.987534 1.779076
-9.900373 2.023633
-9.812911 2.268202
-9.725153 2.512765
-9.637112 2.757285
-9.548782 3.001779
-9.460178 3.246210
-9.371306 3.490558
-9.282172 3.734805
-9.192792 3.978914
-9.103156 4.222901
-9.013281 4.466731
-8.923172 4.710382
-8.832835 4.953838
-8.742287 5.197060
-8.651518 5.440066
-8.560542 5.682817
-8.469367 5.925297
-8.377998 6.167485
-8.286452 6.409345
-8.194718 6.650893
-8.102812 6.892093
-8.010738 7.132925
-7.918505 7.373370
-7.826128 7.613394
-7.733596 7.853010
-7.640924 8.092183
-7.548119 8.330894
-7.455186 8.569125
-7.362142 8.806839
-7.268975 9.044051
-7.175700 9.280727
-7.082324 9.516847
-6.988853 9.752392
-6.895303 9.987327
-6.801661 10.221667
-6.707943 10.455377
-6.614154 10.688437
-6.520303 10.920830
-6.426404 11.152521
-6.332443 11.383524
-6.238437 11.613804
-6.144391 11.843343
-6.050313 12.072123
-5.956218 12.300109
-5.862090 12.527314
-5.767947 12.753707
-5.673795 12.979266
-5.579639 13.203977
-5.485497 13.427803
-5.391351 13.650759
-5.297219 13.872811
-5.203106 14.093941
-5.109018 14.314132
-5.014973 14.533352
-4.920952 14.751611
-4.826973 14.968878
-4.733041 15.185135
-4.639162 15.400365
-4.545354 15.614537
-4.451597 15.827662
-4.357909 16.039707
-4.264296 16.250656
-4.170761 16.460493
-4.077326 16.669186
-3.983966 16.876745
-3.890702 17.083141
-3.797539 17.288357
-3.704480 17.492376
-3.611547 17.695169
-3.518714 17.896744
-3.426002 18.097075
-3.333415 18.296141
-3.240959 18.493929
-3.148652 18.690409
-3.056470 18.885592
-2.964432 19.079447
-2.872544 19.271961
-2.780810 19.463116
-2.689249 19.652885
-2.597836 19.841276
-2.506591 20.028263
-2.415517 20.213831
-2.324620 20.397963
-2.233920 20.580633
-2.143389 20.761848
-2.053047 20.941586
-1.962900 21.119825
-1.872950 21.296556
-1.783218 21.471754
-1.693676 21.645424
-1.604345 21.817539
-1.515228 21.988089
-1.426329 22.157055
-1.337669 22.324419
-1.249219 22.490183
-1.160999 22.654324
-1.073012 22.816828
-0.985263 22.977682
-0.897772 23.136866
-0.810508 23.294382
-0.723494 23.450209
-0.636731 23.604332
-0.550224 23.756741
-0.463994 23.907413
-0.378008 24.056355
-0.292289 24.203543
-0.206838 24.348965
-0.121660 24.492609
-0.036776 24.634457
0.047847 24.774511
0.132188 24.912752
0.216244 25.049170
0.300011 25.183748
0.383470 25.316475
0.466652 25.447350
0.549536 25.576353
0.632121 25.703476
0.714403 25.828707
0.796361 25.952030
0.878028 26.073448
0.959385 26.192942
1.040427 26.310503
1.121153 26.426121
1.201542 26.539780
1.281628 26.651482
1.361390 26.761209
1.440825 26.868958
1.519932 26.974714
1.598688 27.078466
1.677131 27.180212
1.755237 27.279942
1.833006 27.377644
1.910434 27.473312
1.987502 27.566931
2.064244 27.658503
2.140640 27.748016
2.216688 27.835461
2.292386 27.920830
2.367712 28.004114
2.442704 28.085312
2.517340 28.164412
2.591619 28.241405
2.665538 28.316290
2.739077 28.389053
2.812273 28.459696
2.885105 28.528206
2.957571 28.594580
3.029670 28.658810
3.101381 28.720890
3.172740 28.780817
3.243729 28.838583
3.314344 28.894184
3.384586 28.947615
3.454433 28.998867
3.523922 29.047941
3.593033 29.094830
3.661765 29.139528
3.730118 29.182032
3.798069 29.222338
3.865658 29.260441
3.932863 29.296337
3.999684 29.330025
4.066121 29.361500
4.132151 29.390759
4.197814 29.417795
4.263090 29.442612
4.327977 29.465200
4.392474 29.485563
4.456563 29.503696
4.520280 29.519594
4.583606 29.533258
4.646540 29.544687
4.709082 29.553877
4.771212 29.560829
4.832968 29.565538
4.894330 29.568005
4.955297 29.568228
5.015870 29.566206
5.076029 29.561945
5.135811 29.555433
5.195198 29.546677
5.254189 29.535677
5.312784 29.522429
5.370964 29.506941
5.428766 29.489204
5.486171 29.469223
5.543180 29.447001
5.599792 29.422533
5.655989 29.395830
5.711807 29.366884
5.767229 29.335697
5.822253 29.302277
5.876881 29.266619
5.931094 29.228735
5.984929 29.188616
6.038367 29.146269
6.091410 29.101696
6.144056 29.054901
6.196289 29.005892
6.248144 28.954660
6.299603 28.901217
6.350668 28.845562
6.401339 28.787701
6.451597 28.727644
6.501479 28.665384
6.550968 28.600929
6.600064 28.534285
6.648767 28.465456
6.697061 28.394453
6.744981 28.321268
6.792510 28.245913
6.839647 28.168392
6.886395 28.088711
6.932736 28.006886
6.978706 27.922901
7.024288 27.836777
7.069482 27.748516
7.114289 27.658123
7.158692 27.565617
7.202728 27.470985
7.246378 27.374243
7.289644 27.275398
7.332527 27.174458
7.375010 27.071436
7.417128 26.966326
7.458865 26.859140
7.500222 26.749889
7.541199 26.638582
7.581781 26.525234
7.622002 26.409834
7.661846 26.292402
7.701313 26.172947
7.740406 26.051476
7.779108 25.928007
7.817452 25.802532
7.855424 25.675068
7.893025 25.545628
7.930255 25.414215
7.967100 25.280857
8.003592 25.145538
8.039716 25.008280
8.075473 24.869093
8.110864 24.727987
8.145875 24.584986
8.180538 24.440075
8.214838 24.293278
8.248775 24.144606
8.282353 23.994068
8.315557 23.841692
8.348415 23.687460
8.380917 23.531399
8.413062 23.373522
8.444851 23.213837
8.476272 23.052370
8.507354 22.889111
8.538082 22.724081
8.568460 22.557295
8.598488 22.388763
8.628153 22.218513
8.657483 22.046534
8.686466 21.872847
8.715104 21.697468
8.743397 21.520411
8.771333 21.341702
8.798940 21.161325
8.826204 20.979313
8.853128 20.795675
8.879713 20.610428
8.905947 20.423597
8.931856 20.235172
8.957430 20.045179
8.982668 19.853634
9.007571 19.660549
9.032130 19.465956
9.056370 19.269840
9.080278 19.072231
9.103856 18.873142
9.127106 18.672592
9.150017 18.470608
9.172612 18.267178
9.194882 18.062328
9.216827 17.856081
9.238449 17.648447
9.259738 17.439461
9.280716 17.229105
9.301373 17.017412
9.321712 16.804399
9.341731 16.590082
9.361423 16.374495
9.380809 16.157619
9.399879 15.939490
9.418634 15.720123
9.437076 15.499536
9.455196 15.277761
9.473014 15.054784
9.490520 14.830638
9.507717 14.605339
9.524605 14.378907
9.541177 14.151375
9.557449 13.922726
9.573416 13.692995
9.589077 13.462201
9.604433 13.230361
9.619478 12.997510
9.634229 12.763631
9.648677 12.528761
9.662824 12.292916
9.676669 12.056117
9.690209 11.818398
9.703457 11.579742
9.716407 11.340186
9.729058 11.099749
9.741414 10.858448
9.753468 10.616322
9.765232 10.373351
9.776702 10.129575
9.787878 9.885010
9.798760 9.639676
9.809345 9.393611
9.819644 9.146797
9.829651 8.899272
9.839368 8.651054
9.848794 8.402164
9.857926 8.152637
9.866774 7.902459
9.875334 7.651666
9.883605 7.400277
9.891589 7.148313
9.899282 6.895811
9.906693 6.642754
9.913818 6.389179
9.920657 6.135108
9.927212 5.880559
9.933477 5.625571
9.939463 5.370127
9.945165 5.114265
9.950583 4.858005
9.955717 4.601366
9.960567 4.344388
9.965136 4.087054
9.969422 3.829401
9.973427 3.571450
9.977150 3.313221
9.980590 3.054753
9.983750 2.796029
9.986629 2.537086
9.989228 2.277947
9.991546 2.018630
9.993582 1.759175
9.995338 1.499563
9.996815 1.239836
9.998011 0.980011
9.998926 0.720110
9.999561 0.460173
9.999917 0.200180
9.999992 -0.059828
9.999788 -0.319832
9.999304 -0.579810
9.998539 -0.839725
9.997495 -1.099593
9.996169 -1.359375
9.994564 -1.619052
9.992679 -1.878603
9.990514 -2.137988
9.988067 -2.397226
9.985339 -2.656277
9.982330 -2.915122
9.979040 -3.173740
9.975471 -3.432091
9.971619 -3.690195
9.967484 -3.948011
9.963067 -4.205520
9.958367 -4.462701
9.953388 -4.719517
9.948123 -4.975984
9.942575 -5.232063
9.936743 -5.487735
9.930627 -5.742981
9.924230 -5.997760
9.917544 -6.252092
9.910574 -6.505937
9.903317 -6.759276
9.895775 -7.012088
9.887949 -7.264337
9.879833 -7.516039
9.871428 -7.767156
9.862737 -8.017669
9.853756 -8.267558
9.844491 -8.516786
9.834931 -8.765368
9.825081 -9.013270
9.814939 -9.260470
9.804506 -9.506950
9.793787 -9.752673
9.782770 -9.997655
9.771459 -10.241859
9.759853 -10.485268
9.747952 -10.727860
9.735764 -10.969601
9.723271 -11.210506
9.710483 -11.450541
9.697395 -11.689685
9.684011 -11.927919
9.670333 -12.165210
9.656348 -12.401572
9.642063 -12.636971
9.627477 -12.871387
9.612587 -13.104802
9.597403 -13.337182
9.581905 -13.568543
9.566104 -13.798850
9.549996 -14.028086
9.533583 -14.256230
9.516870 -14.483251
9.499840 -14.709164
9.482500 -14.933934
9.464850 -15.157544
9.446889 -15.379978
9.428625 -15.601200
9.410040 -15.821228
9.391139 -16.040028
9.371924 -16.257582
9.352393 -16.473875
9.332555 -16.688873
9.312389 -16.902592
9.291904 -17.114998
9.271099 -17.326078
9.249973 -17.535812
9.228537 -17.744171
9.206766 -17.951170
9.184671 -18.156775
9.162251 -18.360973
9.139506 -18.563747
9.116445 -18.765066
9.093043 -18.964945
9.069313 -19.163355
9.045253 -19.360279
9.020862 -19.555704
8.996149 -19.749598
8.971091 -19.941975
8.945700 -20.132809
8.919971 -20.322083
8.893908 -20.509781
8.867517 -20.695877
8.840776 -20.880386
8.813696 -21.063278
8.786274 -21.244539
8.758510 -21.424156
8.730416 -21.602100
8.701964 -21.778387
8.673168 -21.952988
8.644025 -22.125893
8.614534 -22.297083
8.584709 -22.466537
8.554521 -22.634268
8.523981 -22.800247
8.493090 -22.964464
8.461846 -23.126905
8.430262 -23.287548
8.398310 -23.446402
8.366000 -23.603445
8.333335 -23.758665
8.300311 -23.912050
8.266942 -24.063576
8.233199 -24.213257
8.199094 -24.361067
8.164627 -24.506998
8.129797 -24.651037
8.094618 -24.793161
8.059059 -24.933386
8.023133 -25.071688
7.986840 -25.208054
7.950179 -25.342478
7.913164 -25.474936
7.875763 -25.605442
7.837992 -25.733974
7.799849 -25.860523
7.761332 -25.985081
7.722458 -26.107626
7.683193 -26.228170
7.643552 -26.346697
7.603535 -26.463194
7.563140 -26.577656
7.522384 -26.690062
7.481233 -26.800423
7.439701 -26.908724
7.397789 -27.014956
7.355494 -27.119110
7.312835 -27.221170
7.269776 -27.321148
7.226334 -27.419025
7.182506 -27.514797
7.138294 -27.608456
7.093712 -27.699987
7.048728 -27.789398
7.003355 -27.876678
6.957595 -27.961819
6.911447 -28.044813
6.864926 -28.125648
6.817999 -28.204336
6.770681 -28.280861
6.722972 -28.355219
6.674873 -28.427402
6.626399 -28.497402
6.577515 -28.565228
6.528238 -28.630865
6.478568 -28.694309
6.428504 -28.755560
6.378065 -28.814602
6.327213 -28.871449
6.275966 -28.926086
6.224325 -28.978512
6.172287 -29.028725
6.119873 -29.076712
6.067044 -29.122486
6.013820 -29.166035
5.960199 -29.207357
5.906182 -29.246450
5.851786 -29.283306
5.796976 -29.317936
5.741768 -29.350328
5.686164 -29.380484
5.630163 -29.408400
5.573784 -29.434072
5.516990 -29.457506
5.459798 -29.478699
5.402210 -29.497646
5.344225 -29.514349
5.285863 -29.528805
5.227086 -29.541019
5.167913 -29.550987
5.108344 -29.558710
5.048379 -29.564186
4.988039 -29.567415
4.927284 -29.568403
4.866135 -29.567148
4.804592 -29.563650
4.742656 -29.557909
4.680345 -29.549927
4.617622 -29.539707
4.554508 -29.527250
4.491002 -29.512556
4.427104 -29.495630
4.362836 -29.476471
4.298160 -29.455082
4.233094 -29.431469
4.167640 -29.405630
4.101799 -29.377569
4.035590 -29.347292
3.968977 -29.314798
3.901979 -29.280092
3.834597 -29.243179
3.766832 -29.204063
3.698705 -29.162745
3.630178 -29.119230
3.561271 -29.073524
3.491986 -29.025629
3.422323 -28.975552
3.352303 -28.923296
3.281889 -28.868866
3.211102 -28.812269
3.139942 -28.753508
3.068412 -28.692589
2.996531 -28.629519
2.924263 -28.564301
2.851629 -28.496943
2.778629 -28.427452
2.705266 -28.355831
2.631561 -28.282093
2.557476 -28.206236
2.483033 -28.128271
2.408233 -28.048206
2.333078 -27.966045
2.257589 -27.881804
2.181730 -27.795477
2.105522 -27.707079
2.028966 -27.616619
1.952065 -27.524101
1.874840 -27.429539
1.797255 -27.332935
1.719330 -27.234299
1.641069 -27.133640
1.562473 -27.030968
1.483564 -26.926294
1.404306 -26.819620
1.324720 -26.710958
1.244809 -26.600321
1.164575 -26.487715
1.084039 -26.373156
1.003167 -26.256643
0.921979 -26.138191
0.840480 -26.017811
0.758670 -25.895512
0.676571 -25.771313
0.594149 -25.645208
0.511426 -25.517220
0.428405 -25.387354
0.345087 -25.255623
0.261494 -25.122046
0.177594 -24.986618
0.093406 -24.849361
0.008935 -24.710283
-0.075817 -24.569399
-0.160829 -24.426727
-0.246132 -24.282263
-0.331707 -24.136026
-0.417549 -23.988029
-0.503656 -23.838287
-0.590006 -23.686817
-0.676631 -23.533617
-0.763510 -23.378708
-0.850639 -23.222103
-0.938016 -23.063814
-1.025618 -22.903864
-1.113477 -22.742249
-1.201572 -22.578989
-1.289899 -22.414099
-1.378453 -22.247593
-1.467216 -22.079494
-1.556216 -21.909798
-1.645432 -21.738525
-1.734861 -21.565693
-1.824497 -21.391315
-1.914323 -21.215414
-2.004364 -21.037987
-2.094602 -20.859056
-2.185031 -20.678637
-2.275647 -20.496744
-2.366432 -20.313404
-2.457410 -20.128611
-2.548563 -19.942389
-2.639886 -19.754753
-2.731375 -19.565720
-2.823009 -19.375317
-2.914815 -19.183535
-3.006772 -18.990402
-3.098877 -18.795933
-3.191123 -18.600145
-3.283493 -18.403067
-3.376010 -18.204689
-3.468655 -18.005039
-3.561423 -17.804134
-3.654310 -17.601990
-3.747294 -17.398638
-3.840402 -17.194065
-3.933613 -16.988304
-4.026921 -16.781370
-4.120322 -16.573282
-4.213798 -16.364065
-4.307369 -16.153715
-4.401018 -15.942260
-4.494738 -15.729715
-4.588525 -15.516101
-4.682360 -15.301446
-4.776264 -15.085741
-4.870218 -14.869017
-4.964218 -14.651291
-5.058256 -14.432581
-5.152315 -14.212918
-5.246416 -13.992293
-5.340538 -13.770737
-5.434677 -13.548266
-5.528828 -13.324901
-5.622971 -13.100672
-5.717126 -12.875569
-5.811275 -12.649624
-5.905411 -12.422855
-5.999530 -12.195280
-6.093613 -11.966934
-6.187677 -11.737803
-6.281705 -11.507920
-6.375691 -11.277306
-6.469629 -11.045977
-6.563502 -10.813967
-6.657325 -10.581264
-6.751082 -10.347903
-6.844766 -10.113901
-6.938371 -9.879277
-7.031880 -9.644067
-7.125309 -9.408255
-7.218639 -9.171877
-7.311865 -8.934953
-7.404981 -8.697499
-7.497970 -8.459553
-7.590845 -8.221099
-7.683589 -7.982172
-7.776198 -7.742793
-7.868664 -7.502979
-7.960971 -7.262767
-8.053131 -7.022141
-8.145128 -6.781137
-8.236957 -6.539775
-8.328609 -6.298073
-8.420070 -6.056068
-8.511351 -5.813743
-8.602434 -5.571136
-8.693316 -5.328265
-8.783988 -5.085149
-8.874436 -4.841825
-8.964668 -4.598277
-9.054671 -4.354542
-9.144437 -4.110637
-9.233959 -3.866583
-9.323224 -3.622416
-9.412238 -3.378120
-9.500988 -3.133732
-9.589466 -2.889270
-9.677667 -2.644753
-9.765575 -2.400219
-9.853199 -2.155651
-9.940522 -1.911085
-10.027540 -1.666540
-10.114244 -1.422036
-10.200623 -1.177609
-10.286679 -0.933243
-10.372402 -0.688973
-10.457783 -0.444820
-10.542815 -0.200801
-10.627488 0.043046
-10.711802 0.286738
-10.795747 0.530240
-10.879314 0.773531
-10.962498 1.016594
-11.045286 1.259391
-11.127680 1.501941
-11.209668 1.744206
-11.291244 1.986168
-11.372400 2.227809
-11.453126 2.469090
-11.533422 2.710032
-11.613276 2.950597
-11.692680 3.190766
-11.771630 3.430522
-11.850116 3.669827
-11.928133 3.908701
-12.005673 4.147107
-12.082729 4.385026
-12.159294 4.622440
-12.235358 4.859314
-12.310919 5.095666
-12.385967 5.331460
-12.460495 5.566677
-12.534495 5.801301
-12.607962 6.035294
-12.680887 6.268677
-12.753263 6.501412
-12.825085 6.733484
-12.896343 6.964874
-12.967032 7.195546
-13.037145 7.425520
-13.106673 7.654761
-13.175611 7.883250
-13.243951 8.110972
-13.311687 8.337890
-13.378809 8.564025
-13.445313 8.789341
-13.511191 9.013822
-13.576436 9.237450
-13.641043 9.460190
-13.705002 9.682064
-13.768307 9.903036
-13.830951 10.123090
-13.892928 10.342209
-13.954233 10.560359
-14.014855 10.777560
-14.074789 10.993779
-14.134028 11.209000
-14.192567 11.423205
-14.250400 11.636362
-14.307515 11.848492
-14.363909 12.059560
-14.419574 12.269551
-14.474504 12.478451
-14.528698 12.686223
-14.582140 12.892893
-14.634827 13.098424
-14.686753 13.302803
-14.737911 13.506014
-14.788301 13.708025
-14.837906 13.908858
-14.886724 14.108479
-14.934749 14.306875
-14.981974 14.504032
-15.028399 14.699916
-15.074008 14.894549
-15.118793 15.087920
-15.162764 15.279958
-15.205906 15.470686
-15.248199 15.660128
-15.289662 15.848197
-15.330264 16.034952
-15.370025 16.220306
-15.408925 16.404287
-15.446946 16.586912
-15.484109 16.768101
-15.520379 16.947908
-15.555780 17.126255
-15.590293 17.303160
-15.623896 17.478649
-15.656612 17.652637
-15.688409 17.825184
-15.719308 17.996206
-15.749291 18.165730
-15.778336 18.333775
-15.806469 18.500259
-15.833652 18.665245
-15.859913 18.828650
-15.885232 18.990496
-15.909583 19.150806
-15.933000 19.309505
-15.955439 19.466646
-15.976932 19.622150
-15.997457 19.776045
-16.016989 19.928350
-16.035563 20.078989
-16.053133 20.228020
-16.069735 20.375364
-16.085344 20.521046
-16.099936 20.665089
-16.113546 20.807419
-16.126131 20.948088
-16.137724 21.087027
-16.148304 21.224257
-16.157843 21.359798
-16.166382 21.493582
-16.173868 21.625662
-16.180347 21.755966
-16.185791 21.884520
-16.190170 22.011341
-16.193531 22.136364
-16.195822 22.259642
-16.197083 22.381104
-16.197290 22.500774
-16.196417 22.618673
-16.194504 22.734737
-16.191502 22.849018
-16.187456 22.961447
-16.182339 23.072048
-16.176121 23.180845
-16.168848 23.287771
-16.160471 23.392878
-16.151033 23.496103
-16.140509 23.597469
-16.128866 23.696997
-16.116159 23.794624
-16.102327 23.890404
-16.087425 23.984272
-16.071423 24.076254
-16.054287 24.166368
-16.036074 24.254559
-16.016726 24.340874
-15.996293 24.425253
-15.974748 24.507721
-15.952060 24.588299
-15.928283 24.666929
-15.903358 24.743660
-15.877342 24.818438
-15.850204 24.891285
-15.821911 24.962217
-15.792521 25.031189
-15.761976 25.098240
-15.730330 25.163322
-15.697556 25.226456
-15.663618 25.287663
-15.628579 25.346889
-15.592376 25.404184
-15.555068 25.459497
-15.516624 25.512850
-15.477013 25.564260
-15.436296 25.613684
-15.394408 25.661163
-15.351415 25.706654
-15.307281 25.750174
-15.261977 25.791744
-15.215565 25.831322
-15.167980 25.868948
-15.119287 25.904581
-15.069455 25.938238
-15.018450 25.969942
-14.966336 25.999653
-14.913051 26.027407
-14.858659 26.053167
-14.803127 26.076956
-14.746424 26.098785
-14.688616 26.118626
-14.629636 26.136509
-14.569554 26.152405
-14.508337 26.166328
-14.445950 26.178299
-14.382463 26.188286
-14.317810 26.196321
-14.252060 26.202375
-14.185181 26.206465
-14.117137 26.208609
-14.048001 26.208778
-13.977705 26.207005
-13.906320 26.203262
-13.833813 26.197567
-13.760151 26.189936
-13.685406 26.180346
-13.609509 26.168823
-13.532535 26.155348
-13.454449 26.139935
-13.375217 26.122599
-13.294915 26.103323
-13.213473 26.082130
-13.130966 26.059004
-13.047360 26.033958
-12.962622 26.007011
-12.876827 25.978142
-12.789907 25.947378
-12.701935 25.914701
-12.612881 25.880131
-12.522709 25.843678
-12.431499 25.805328
-12.339177 25.765108
-12.245823 25.723001
-12.151403 25.679028
-12.055885 25.633196
-11.959346 25.585497
-11.861715 25.535954
-11.763072 25.484556
-11.663383 25.431318
-11.562614 25.376253
-11.460847 25.319355
-11.358009 25.260641
-11.254182 25.200106
-11.149331 25.137764
-11.043424 25.073627
-10.936541 25.007692
-10.828611 24.939978
-10.719716 24.870478
-10.609822 24.799208
-10.498898 24.726179
-10.387024 24.651392
-10.274129 24.574858
-10.160295 24.496584
-10.045491 24.416578
-9.929683 24.334852
-9.812953 24.251410
-9.695231 24.166264
-9.576601 24.079418
-9.457028 23.990885
-9.336483 23.900673
-9.215046 23.808792
-9.092649 23.715248
-8.969373 23.620054
-8.845187 23.523218
-8.720061 23.424747
-8.594077 23.324656
-8.467165 23.222948
-8.339409 23.119640
-8.210777 23.014740
-8.081239 22.908253
-7.950878 22.800196
-7.819625 22.690575
-7.687564 22.579403
-7.554664 22.466690
-7.420895 22.352444
-7.286340 22.236681
-7.150931 22.119404
-7.014751 22.000635
-6.877772 21.880379
-6.739962 21.758640
-6.601406 21.635445
-6.462037 21.510790
-6.321937 21.384699
-6.181077 21.257179
-6.039430 21.128233
-5.897077 20.997889
-5.753953 20.866142
-5.610141 20.733021
-5.465613 20.598530
-5.320340 20.462671
-5.174405 20.325478
-5.027744 20.186939
-4.880439 20.047091
-4.732462 19.905933
-4.583786 19.763470
-4.434495 19.619732
-4.284523 19.474714
-4.133954 19.328451
-3.982759 19.180943
-3.830914 19.032190
-3.678500 18.882233
-3.525454 18.731056
-3.371859 18.578701
-3.217688 18.425169
-3.062915 18.270456
-2.907623 18.114607
-2.751749 17.957605
-2.595376 17.799492
-2.438478 17.640270
-2.281030 17.479935
-2.123113 17.318533
-1.964666 17.156046
-1.805772 16.992519
-1.646405 16.827951
-1.486542 16.662340
-1.326262 16.495733
-1.165507 16.328110
-1.004357 16.159519
-0.842789 15.989960
-0.680779 15.819427
-0.518406 15.647969
-0.355614 15.475568
-0.192482 15.302272
-0.028987 15.128078
0.134893 14.952984
0.299080 14.777040
0.463630 14.600224
0.628463 14.422587
0.793602 14.244127
0.959069 14.064839
1.124785 13.884776
1.290805 13.703915
1.457051 13.522308
1.623546 13.339954
1.790307 13.156844
1.957261 12.973038
2.124457 12.788505
2.291822 12.603306
2.459376 12.417433
2.627135 12.230880
2.795028 12.043707
2.963102 11.855883
3.131285 11.667470
3.299595 11.478460
3.468050 11.288845
3.636577 11.098688
3.805224 10.907956
3.973919 10.716713
4.142679 10.524950
4.311521 10.332658
4.480374 10.139901
4.649283 9.946647
4.818179 9.752959
4.987077 9.558829
5.155993 9.364247
5.324858 9.169279
5.493715 8.973889
5.662497 8.778146
5.831217 8.582037
5.999890 8.385552
6.168450 8.188761
6.336937 7.991624
6.505285 7.794213
6.673508 7.596515
6.841618 7.398517
7.009552 7.200291
7.177347 7.001797
7.344939 6.803106
7.512342 6.604207
7.679567 6.405084
7.846551 6.205813
8.013330 6.006349
8.179843 5.806768
8.346102 5.607055
8.512115 5.407196
8.677824 5.207266
8.843262 5.007220
9.008369 4.807135
9.173157 4.606995
9.337632 4.406785
9.501740 4.206582
9.665509 4.006339
9.828884 3.806134
9.991873 3.605951
10.154485 3.405773
10.316663 3.205680
10.478436 3.005622
10.639751 2.805679
10.800614 2.605834
10.961034 2.406068
11.120955 2.206464
11.280406 2.006969
11.439333 1.807665
11.597745 1.608535
11.755645 1.409558
11.912983 1.210817
12.069784 1.012260
12.225999 0.813969
12.381632 0.615924
12.536687 0.418107
12.691117 0.220600
12.844944 0.023349
12.998121 -0.173562
13.150652 -0.370153
13.302539 -0.566445
13.453738 -0.762354
13.604269 -0.957935
13.754086 -1.153104
13.903193 -1.347882
14.051591 -1.542290
14.199240 -1.736243
14.346153 -1.929798
14.492292 -2.122870
14.637658 -2.315480
14.782250 -2.507652
14.926031 -2.699298
15.069013 -2.890477
15.211158 -3.081105
15.352468 -3.271202
15.492940 -3.460791
15.632541 -3.649788
15.771279 -3.838251
15.909122 -4.026093
16.046066 -4.213339
16.182110 -4.400011
16.317223 -4.586023
16.451412 -4.771436
16.584644 -4.956163
16.716921 -5.140228
16.848234 -5.323655
16.978558 -5.506357
17.107897 -5.688397
17.236221 -5.869686
17.363529 -6.050250
17.489817 -6.230114
17.615057 -6.409191
17.739250 -6.587543
17.862375 -6.765082
17.984425 -6.941835
18.105394 -7.117828
18.225262 -7.292973
18.344025 -7.467333
18.461662 -7.640822
18.578171 -7.813466
18.693541 -7.985290
18.807755 -8.156208
18.920809 -8.326283
19.032684 -8.495431
19.143375 -8.663675
19.252872 -8.831045
19.361160 -8.997452
19.468233 -9.162962
19.574078 -9.327488
19.678684 -9.491057
19.782043 -9.653697
19.884144 -9.815321
19.984976 -9.975995
20.084528 -10.135633
20.182795 -10.294261
20.279760 -10.451909
20.375418 -10.608491
20.469757 -10.764071
20.562771 -10.918565
20.654448 -11.072001
20.744776 -11.224406
20.833750 -11.375697
20.921354 -11.525939
21.007589 -11.675047
21.092442 -11.823050
21.175896 -11.969976
21.257954 -12.115743
21.338596 -12.260414
21.417824 -12.403907
21.495626 -12.546250
21.571985 -12.687473
21.646906 -12.827493
21.720367 -12.966375
21.792374 -13.104036
21.862911 -13.240508
21.931965 -13.375817
21.999540 -13.509883
22.065615 -13.642771
22.130196 -13.774400
22.193270 -13.904799
22.254818 -14.033998
22.314852 -14.161917
22.373348 -14.288620
22.430313 -14.414027
22.485735 -14.538170
22.539595 -14.661077
22.591906 -14.782667
22.642639 -14.903009
22.691813 -15.022022
22.739408 -15.139737
22.785406 -15.256183
22.829824 -15.371282
22.872635 -15.485100
22.913853 -15.597559
22.953461 -15.708689
22.991440 -15.818521
23.027813 -15.926977
23.062544 -16.034124
23.095657 -16.139883
23.127134 -16.244287
23.156954 -16.347368
23.185139 -16.449045
23.211657 -16.549387
23.236532 -16.648319
23.259745 -16.745872
23.281275 -16.842073
23.301149 -16.936853
23.319332 -17.030273
23.335850 -17.122261
23.350683 -17.212849
23.363813 -17.302065
23.375267 -17.389839
23.385008 -17.476234
23.393066 -17.561180
23.399422 -17.644707
23.404053 -17.726843
23.406992 -17.807522
23.408201 -17.886803
23.407713 -17.964621
23.405506 -18.041004
23.401560 -18.115982
23.395908 -18.189489
23.388512 -18.261585
23.379406 -18.332205
23.368568 -18.401379
23.355980 -18.469133
23.341677 -18.535408
23.325617 -18.600260
23.307838 -18.663628
23.288322 -18.725538
23.267044 -18.786024
23.244045 -18.845020
23.219280 -18.902586
23.192795 -18.958660
23.164564 -19.013273
23.134565 -19.066454
23.102844 -19.118139
23.069353 -19.168392
23.034138 -19.217150
22.997177 -19.264442
22.958445 -19.310297
22.917992 -19.354658
22.875765 -19.397583
22.831820 -19.439013
22.786129 -19.478977
22.738668 -19.517506
22.689489 -19.554539
22.638542 -19.590137
22.585878 -19.624245
22.531475 -19.656887
22.475307 -19.688097
22.417429 -19.717817
22.357788 -19.746105
22.296440 -19.772907
22.233362 -19.798254
22.168526 -19.822168
22.101990 -19.844603
22.033701 -19.865610
21.963718 -19.885141
21.892017 -19.903223
21.818569 -19.919884
21.743437 -19.935074
21.666565 -19.948845
21.588017 -19.961151
21.507763 -19.972021
21.425779 -19.981478
21.342129 -19.989477
21.256754 -19.996071
21.169722 -20.001215
21.081005 -20.004932
20.990578 -20.007254
20.898504 -20.008133
20.804728 -20.007620
20.709316 -20.005672
20.612244 -20.002317
20.513481 -19.997580
20.413097 -19.991421
20.311037 -19.983885
20.207365 -19.974936
20.102058 -19.964598
19.995089 -19.952894
19.886528 -19.939791
19.776316 -19.925329
19.664524 -19.909477
19.551125 -19.892258
19.436092 -19.873693
19.319502 -19.853754
19.201290 -19.832478
19.081532 -19.809834
18.960199 -19.785849
18.837267 -19.760540
18.712811 -19.733881
18.586767 -19.705912
18.459215 -19.676603
18.330126 -19.645975
18.199472 -19.614054
18.067333 -19.580809
17.933645 -19.546278
17.798489 -19.510437
17.661835 -19.473309
17.523655 -19.434910
17.384033 -19.395222
17.242903 -19.354275
17.100346 -19.312050
16.956335 -19.268568
16.810844 -19.223846
16.663952 -19.177866
16.515598 -19.130659
16.365866 -19.082207
16.214724 -19.032530
